#CHARA|file name|sx|sy|width|height|numFrame|x|y|character id|direction|motion type|message
#MOVE|image file|map file|event file|x|y|map type|destx|desty
#frame数と画像の幅があっていないとgcにとても時間がかかるかもしれない
CHARA,0,0,0,24,32,2,5,5,1,2,2,ｱｰｻｰ｢ﾋﾟｴｰﾙ、さっきﾘｭｶが君のことを探していたぞ｣
#CHARA,/girl1.png,0,0,24,32,3,16,15,2,2,2,*｢はぁ、ねむいわ｣
CHARA,5,0,0,24,32,2,2,28,3,2,2,ｽﾀｽﾀ｢こんにちは、ﾋﾟｴｰﾙ｣
CHARA,3,0,0,24,32,2,26,26,4,1,2,ﾎｲﾐﾝ｢ﾎｲﾐｼﾏｼｮｳｶ?｣
CHARA,6,0,0,24,32,2,14,14,5,2,2,ｷﾝｸﾞｽ｢やっと外に出られる｣
CHARA,1,0,0,24,32,2,26,5,6,0,2,ｽﾗﾘﾝ｢ﾌﾟﾙﾌﾟﾙ｣
CHARA,2,0,0,24,32,2,20,6,7,1,1,
CHARA,2,0,0,24,32,2,20,7,8,2,1,
CHARA,4,0,0,24,32,2,9,25,9,3,2,ﾊﾞﾌﾞﾙｽ｢ﾌﾞｸﾌﾞｸ｣
MOVE,0,/test2.map,/map2.txt,15,30,1,0,15,0
MOVE,1,/forest1.map,/forest1.txt,30,12,2,0,0,27
#MOVE,/town01_a2-0.png,/test2.map,/map2.txt,15,30,1,0,15,0
#MOVE,/mymapchip1.png,/forest1.map,/forest1.txt,30,12,2,0,0,27
BARRIER,7,8,9,10,11,12,22,23,24,25,26,27,37,38,39,40,41,42,52,53,54,55,56,57,67,68,69,71,82,83,84,97,98,99,112,113,114,121,122,123,124,125,126,127,128,129,130,131,132,136,137,138,139,140,141,142,143,144,145,146,147,151,152,153,154,155,156,157,158,159,160,161,162,166,167,168,169,170,171,172,173,174,175,176,177,181,182,183,184,185,186,187,188,189,190,192,196,197,198,199,200,201,202,203,204,205,206,207,211,212,213,214,215,216,217,218,219,220,221,222,226,227,228,229,230,231,232,233,234,235,236,237
